 1017.     288.     8.
   10.       288.      9.       3.      0.
   100.      288.      8.      3.      0.
   200.      289.      8.      3.      0.
   300.      290.      8.      3.      0.
   400.      290.      8.      3.      0.
   500.      291.      8.      3.      0.
   600.      292.      8.      3.      0.
   700.      292.      7.      3.      0.
   800.      293.      7.      3.      0.
   900.      294.      7.      3.      0.
   1000.     295.      7.      3.      0.
   1100.     295.      7.      3.      0.
   1200.     296.      7.      3.      0.
   1300.     297.      6.      3.      0.
   1400.     298.      6.      3.      0.
   1500.     298.      6.      3.      0.
   1600.     299.      6.      3.      0.
   1700.     300.      6.      3.      0.
   1800.     301.      5.      3.      0.
   1900.     301.      5.      3.      0.
   2000.     302.      5.       3.      0.
   3000.     308.      4.      3.      0.
   3500.     310.      3.      3.      0.
   4000.     312.      2.      3.      0.
   4500.     314.      1.      3.      0.
   5000.     316.      1.      3.      0.
   5500.     318.      0.      3.      0.
   6000.     321.      0.      3.      0.
   6500.     322.      0.      3.      0.
   7000.     325.      0.      3.      0.
   7500.     326.      0.      3.      0.
   8000.     329.      0.      3.      0.
   8500.     330.      0.      3.      0.
   9000.     331.      0.      3.      0.
  10000.     331.      0.      3.      0.
  16000.     331.      0.     3.      0.      
